0.000000000000000000e+00	2.014050103771005951e+01
1.000000000000000000e+00	2.014050103771005951e+01
2.000000000000000000e+00	2.014050103771005951e+01
3.000000000000000000e+00	2.014050103771005951e+01
4.000000000000000000e+00	2.012670300180529281e+01
5.000000000000000000e+00	2.007768812078774445e+01
6.000000000000000000e+00	2.002867323977019254e+01
7.000000000000000000e+00	1.997965835875264062e+01
8.000000000000000000e+00	1.993502906106058603e+01
9.000000000000000000e+00	1.995210925513239886e+01
1.000000000000000000e+01	1.996918944920421168e+01
1.100000000000000000e+01	1.998626964327602096e+01
1.200000000000000000e+01	2.000334983734783378e+01
1.300000000000000000e+01	2.001837417669375441e+01
1.400000000000000000e+01	1.996028360203089491e+01
1.500000000000000000e+01	1.990219302736803897e+01
1.600000000000000000e+01	1.984410245270518303e+01
1.700000000000000000e+01	1.978601187804232708e+01
1.800000000000000000e+01	1.972792130337947114e+01
1.900000000000000000e+01	1.966543627412492867e+01
2.000000000000000000e+01	1.958838999455867835e+01
2.100000000000000000e+01	1.951134371499242803e+01
2.200000000000000000e+01	1.943429743542617771e+01
2.300000000000000000e+01	1.935725115585992384e+01
2.400000000000000000e+01	1.929959049796090653e+01
2.500000000000000000e+01	1.924566546294749969e+01
2.600000000000000000e+01	1.919174042793409285e+01
2.700000000000000000e+01	1.914581673536578776e+01
2.800000000000000000e+01	1.910006979159186358e+01
2.900000000000000000e+01	1.902831149153567836e+01
3.000000000000000000e+01	1.894217780865546175e+01
3.100000000000000000e+01	1.885604412577524513e+01
3.200000000000000000e+01	1.876991044289502852e+01
3.300000000000000000e+01	1.868377676001481191e+01
3.400000000000000000e+01	1.859764307713459530e+01
3.500000000000000000e+01	1.851150939425437514e+01
3.600000000000000000e+01	1.841892451271253961e+01
3.700000000000000000e+01	1.832073693163879469e+01
3.800000000000000000e+01	1.822254935056504976e+01
3.900000000000000000e+01	1.812436176949130484e+01
4.000000000000000000e+01	1.800493808109445482e+01
4.100000000000000000e+01	1.787153680487275054e+01
4.200000000000000000e+01	1.773813552865104626e+01
4.300000000000000000e+01	1.760473425242934553e+01
4.400000000000000000e+01	1.748033318312367257e+01
4.500000000000000000e+01	1.736127017320295707e+01
4.600000000000000000e+01	1.724220716328224157e+01
4.700000000000000000e+01	1.710750259345971003e+01
4.800000000000000000e+01	1.693016593494267497e+01
4.900000000000000000e+01	1.675282927642563990e+01
5.000000000000000000e+01	1.657549261790860484e+01
5.100000000000000000e+01	1.638893536089852887e+01
5.200000000000000000e+01	1.620112573069140893e+01
5.300000000000000000e+01	1.601331610048428900e+01
5.400000000000000000e+01	1.582550647027716728e+01
5.500000000000000000e+01	1.563690530396044664e+01
5.600000000000000000e+01	1.543392201579209910e+01
5.700000000000000000e+01	1.523093872762375334e+01
5.800000000000000000e+01	1.502795543945540757e+01
5.900000000000000000e+01	1.482041394276274104e+01
6.000000000000000000e+01	1.460845879836475092e+01
6.100000000000000000e+01	1.439323298373609994e+01
6.200000000000000000e+01	1.414812227849994031e+01
6.300000000000000000e+01	1.390301157326378245e+01
6.400000000000000000e+01	1.365790086802762282e+01
6.500000000000000000e+01	1.341279016279146497e+01
6.600000000000000000e+01	1.316767945755530533e+01
6.700000000000000000e+01	1.292026270409047761e+01
6.800000000000000000e+01	1.266940524123783440e+01
6.900000000000000000e+01	1.241854777838518942e+01
7.000000000000000000e+01	1.216769031553254621e+01
7.100000000000000000e+01	1.191455596335036482e+01
7.200000000000000000e+01	1.162838183893210697e+01
7.300000000000000000e+01	1.134220771451384735e+01
7.400000000000000000e+01	1.106038302672626017e+01
7.500000000000000000e+01	1.079343012228334331e+01
7.600000000000000000e+01	1.052647721784042645e+01
7.700000000000000000e+01	1.025952431339751136e+01
7.800000000000000000e+01	9.992571408954594503e+00
7.900000000000000000e+01	9.725618504511677642e+00
8.000000000000000000e+01	9.393490241210278313e+00
8.100000000000000000e+01	9.054000441874711314e+00
8.200000000000000000e+01	8.714510642539142538e+00
8.300000000000000000e+01	8.375020843203575538e+00
8.400000000000000000e+01	8.014080216419314340e+00
8.500000000000000000e+01	7.645132441779954213e+00
8.600000000000000000e+01	7.283916154086791828e+00
8.700000000000000000e+01	7.007074776972649133e+00
8.800000000000000000e+01	6.730233399858505550e+00
8.900000000000000000e+01	6.453392022744362855e+00
9.000000000000000000e+01	6.157319281991332716e+00
9.100000000000000000e+01	5.797028828015717394e+00
9.200000000000000000e+01	5.436738374040101185e+00
9.300000000000000000e+01	5.076447920064484975e+00
9.400000000000000000e+01	4.716157466088869654e+00
9.500000000000000000e+01	4.355867012113253445e+00
9.600000000000000000e+01	4.002049700290396750e+00
9.700000000000000000e+01	3.676353820152009622e+00
9.800000000000000000e+01	3.350657940013622937e+00
9.900000000000000000e+01	3.024962059875236697e+00
1.000000000000000000e+02	2.746750684541268139e+00
1.010000000000000000e+02	2.662761665816831602e+00
1.020000000000000000e+02	2.578772647092395065e+00
1.030000000000000000e+02	2.494783628367958084e+00
1.040000000000000000e+02	2.445824730936541069e+00
1.050000000000000000e+02	2.403258696253085525e+00
1.060000000000000000e+02	2.370368066263974782e+00
1.070000000000000000e+02	2.409927225009568019e+00
1.080000000000000000e+02	2.450602937778860735e+00
1.090000000000000000e+02	2.494026913640507992e+00
1.100000000000000000e+02	2.537450889502154805e+00
1.110000000000000000e+02	2.580874865363802062e+00
1.120000000000000000e+02	2.625774947679128335e+00
1.130000000000000000e+02	2.671305667682558838e+00
1.140000000000000000e+02	2.716836387685989784e+00
1.150000000000000000e+02	2.762367107689420287e+00
1.160000000000000000e+02	2.798768987182166601e+00
1.170000000000000000e+02	2.830124838041335522e+00
1.180000000000000000e+02	2.829217306666321097e+00
1.190000000000000000e+02	2.820595625971749509e+00
1.200000000000000000e+02	2.811973945277177922e+00
1.210000000000000000e+02	8.796047524217716074e-01
1.220000000000000000e+02	1.474256198009987529e+00
1.230000000000000000e+02	2.068907643598203450e+00
1.240000000000000000e+02	2.514832425434046392e+00
1.250000000000000000e+02	1.734663698940827281e+00
1.260000000000000000e+02	1.329588804143172931e+00
1.270000000000000000e+02	2.328655679521026034e+00
1.280000000000000000e+02	2.271441411702211255e+00
1.290000000000000000e+02	2.214227143883396476e+00
1.300000000000000000e+02	2.157012876064581697e+00
1.310000000000000000e+02	2.099798608245766918e+00
1.320000000000000000e+02	2.042584340426952139e+00
1.330000000000000000e+02	1.985370072608137582e+00
1.340000000000000000e+02	1.928155804789322803e+00
1.350000000000000000e+02	1.870941536970508023e+00
1.360000000000000000e+02	1.813727269151693466e+00
1.370000000000000000e+02	1.756513001332878687e+00
1.380000000000000000e+02	1.699298733514063908e+00
1.390000000000000000e+02	1.642084465695249129e+00
1.400000000000000000e+02	1.584870197876434572e+00
1.410000000000000000e+02	1.527655930057619793e+00
1.420000000000000000e+02	1.470441662238805236e+00
1.430000000000000000e+02	1.413227394419990457e+00
1.440000000000000000e+02	1.356013126601175678e+00
1.450000000000000000e+02	1.298798858782360899e+00
1.460000000000000000e+02	1.241584590963546120e+00
1.470000000000000000e+02	1.184370323144731563e+00
1.480000000000000000e+02	1.127156055325916784e+00
1.490000000000000000e+02	1.069941787507102005e+00
1.500000000000000000e+02	1.012727519688287448e+00
1.510000000000000000e+02	9.555132518694726684e-01
1.520000000000000000e+02	8.982989840506578894e-01
1.530000000000000000e+02	8.410847162318431103e-01
1.540000000000000000e+02	7.838704484130285532e-01
1.550000000000000000e+02	7.266561805942137742e-01
1.560000000000000000e+02	6.694419127753989951e-01
1.570000000000000000e+02	6.122276449565844381e-01
1.580000000000000000e+02	5.550133771377696590e-01
1.590000000000000000e+02	4.977991093189548799e-01
1.600000000000000000e+02	4.405848415001401008e-01
1.610000000000000000e+02	3.833705736813255438e-01
1.620000000000000000e+02	3.261563058625105427e-01
1.630000000000000000e+02	2.689420380436962077e-01
1.640000000000000000e+02	2.151457832943802218e-01
1.650000000000000000e+02	2.160375099291409751e-01
1.660000000000000000e+02	2.169292365639017561e-01
1.670000000000000000e+02	2.178209631986625094e-01
1.680000000000000000e+02	2.187126898334232628e-01
1.690000000000000000e+02	2.196044164681840438e-01
1.700000000000000000e+02	2.204961431029447971e-01
1.710000000000000000e+02	2.213878697377055504e-01
1.720000000000000000e+02	2.222795963724663315e-01
1.730000000000000000e+02	2.231713230072270848e-01
1.740000000000000000e+02	2.240630496419878659e-01
1.750000000000000000e+02	2.249547762767486192e-01
1.760000000000000000e+02	2.258465029115093725e-01
1.770000000000000000e+02	2.267382295462701536e-01
1.780000000000000000e+02	2.276299561810309069e-01
1.790000000000000000e+02	2.285216828157916602e-01
1.800000000000000000e+02	2.294134094505524413e-01
1.810000000000000000e+02	2.303051360853131946e-01
1.820000000000000000e+02	2.311968627200739479e-01
1.830000000000000000e+02	2.320885893548347290e-01
1.840000000000000000e+02	2.329803159895954823e-01
1.850000000000000000e+02	2.338720426243562633e-01
1.860000000000000000e+02	2.347637692591170167e-01
1.870000000000000000e+02	2.356554958938777700e-01
1.880000000000000000e+02	2.365472225286385510e-01
1.890000000000000000e+02	2.374389491633993043e-01
1.900000000000000000e+02	2.383306757981600854e-01
1.910000000000000000e+02	2.392224024329208387e-01
1.920000000000000000e+02	2.401141290676815920e-01
1.930000000000000000e+02	2.410058557024423731e-01
1.940000000000000000e+02	2.418975823372031264e-01
1.950000000000000000e+02	2.475170463995051140e-01
1.960000000000000000e+02	2.608788681630016537e-01
1.970000000000000000e+02	2.742406899264982489e-01
1.980000000000000000e+02	2.876025116899947887e-01
1.990000000000000000e+02	3.009643334534913839e-01
2.000000000000000000e+02	3.143261552169879236e-01
2.010000000000000000e+02	3.276879769804844633e-01
2.020000000000000000e+02	3.410497987439810585e-01
2.030000000000000000e+02	3.544116205074775983e-01
2.040000000000000000e+02	3.677734422709741935e-01
2.050000000000000000e+02	3.811352640344707332e-01
2.060000000000000000e+02	3.944970857979672729e-01
2.070000000000000000e+02	4.078589075614638126e-01
2.080000000000000000e+02	4.212207293249604079e-01
2.090000000000000000e+02	4.345825510884570031e-01
2.100000000000000000e+02	4.479443728519535428e-01
2.110000000000000000e+02	4.613061946154500825e-01
2.120000000000000000e+02	4.746680163789466778e-01
2.130000000000000000e+02	4.880298381424432175e-01
2.140000000000000000e+02	5.013916599059398127e-01
2.150000000000000000e+02	5.147534816694363524e-01
2.160000000000000000e+02	5.281153034329328921e-01
2.170000000000000000e+02	5.414771251964294319e-01
2.180000000000000000e+02	5.548389469599260826e-01
2.190000000000000000e+02	5.682007687234226223e-01
2.200000000000000000e+02	5.815625904869191620e-01
2.210000000000000000e+02	5.949244122504157017e-01
2.220000000000000000e+02	6.082862340139122415e-01
2.230000000000000000e+02	6.216480557774088922e-01
2.240000000000000000e+02	6.350098775409054319e-01
2.250000000000000000e+02	6.483716993044019716e-01
2.260000000000000000e+02	6.617335210678985113e-01
2.270000000000000000e+02	6.750953428313950511e-01
2.280000000000000000e+02	6.884571645948917018e-01
2.290000000000000000e+02	7.018189863583882415e-01
2.300000000000000000e+02	7.151808081218847812e-01
2.310000000000000000e+02	7.285426298853813210e-01
2.320000000000000000e+02	7.419044516488778607e-01
2.330000000000000000e+02	7.552662734123744004e-01
2.340000000000000000e+02	7.686280951758710511e-01
2.350000000000000000e+02	7.819899169393675908e-01
2.360000000000000000e+02	7.953517387028641306e-01
2.370000000000000000e+02	8.087135604663606703e-01
2.380000000000000000e+02	8.220753822298572100e-01
2.390000000000000000e+02	8.354372039933538607e-01
2.400000000000000000e+02	8.487990257568504004e-01
2.410000000000000000e+02	8.621608475203469402e-01
2.420000000000000000e+02	8.755226692838434799e-01
2.430000000000000000e+02	8.888844910473400196e-01
2.440000000000000000e+02	9.022463128108366703e-01
2.450000000000000000e+02	9.853665792089256747e-01
2.460000000000000000e+02	1.114025074259306525e+00
2.470000000000000000e+02	1.242683569309687375e+00
2.480000000000000000e+02	1.371342064360068225e+00
2.490000000000000000e+02	1.500000559410449075e+00
2.500000000000000000e+02	1.682796723334345268e+00
2.510000000000000000e+02	1.916087525424989391e+00
2.520000000000000000e+02	2.149378327515633735e+00
2.530000000000000000e+02	2.353362162900447974e+00
2.540000000000000000e+02	2.531452122571782759e+00
2.550000000000000000e+02	2.709542082243117989e+00
2.560000000000000000e+02	2.887632041914452774e+00
2.570000000000000000e+02	3.065722001585787559e+00
2.580000000000000000e+02	3.243811961257122789e+00
2.590000000000000000e+02	3.437988520476771725e+00
2.600000000000000000e+02	3.645661073417055142e+00
2.610000000000000000e+02	3.853333626357338559e+00
2.620000000000000000e+02	4.064387668238146567e+00
2.630000000000000000e+02	4.329513906648059240e+00
2.640000000000000000e+02	4.594640145057972802e+00
2.650000000000000000e+02	4.859766383467885476e+00
2.660000000000000000e+02	5.124892621877799037e+00
2.670000000000000000e+02	5.390018860287712599e+00
2.680000000000000000e+02	5.655145098697625272e+00
2.690000000000000000e+02	5.920271337107538834e+00
2.700000000000000000e+02	6.172932076835501825e+00
2.710000000000000000e+02	6.419404356830359148e+00
2.720000000000000000e+02	6.697695660167168441e+00
2.730000000000000000e+02	6.975986963503977734e+00
2.740000000000000000e+02	7.401073891161227714e+00
2.750000000000000000e+02	7.845487863202652790e+00
2.760000000000000000e+02	8.289901835244078754e+00
2.770000000000000000e+02	8.559564007226628135e+00
2.780000000000000000e+02	8.768373140376521491e+00
2.790000000000000000e+02	8.977182273526414846e+00
2.800000000000000000e+02	9.185991406676308202e+00
2.810000000000000000e+02	9.394800539826199781e+00
2.820000000000000000e+02	9.603609672976093137e+00
2.830000000000000000e+02	9.812418806125986492e+00
2.840000000000000000e+02	1.007428386978369694e+01
2.850000000000000000e+02	1.034034387160025581e+01
2.860000000000000000e+02	1.060640387341681645e+01
2.870000000000000000e+02	1.087246387523337532e+01
2.880000000000000000e+02	1.113852387704993596e+01
2.890000000000000000e+02	1.140458387886649660e+01
2.900000000000000000e+02	1.167064388068305547e+01
2.910000000000000000e+02	1.192871376675476291e+01
2.920000000000000000e+02	1.218649033529566594e+01
2.930000000000000000e+02	1.244426690383656720e+01
2.940000000000000000e+02	1.270204347237747022e+01
2.950000000000000000e+02	1.295982004091837325e+01
2.960000000000000000e+02	1.321759660945927450e+01
2.970000000000000000e+02	1.343851625894148860e+01
2.980000000000000000e+02	1.364642672803326384e+01
2.990000000000000000e+02	1.385433719712504086e+01
3.000000000000000000e+02	1.406224766621681610e+01
3.010000000000000000e+02	1.427015813530859134e+01
3.020000000000000000e+02	1.447806860440036658e+01
3.030000000000000000e+02	1.473330619090763527e+01
3.040000000000000000e+02	1.499352085204430729e+01
3.050000000000000000e+02	1.525373551318097931e+01
3.060000000000000000e+02	1.551395017431765133e+01
3.070000000000000000e+02	1.568284429017137427e+01
3.080000000000000000e+02	1.581684085177983334e+01
3.090000000000000000e+02	1.595083741338829064e+01
3.100000000000000000e+02	1.608483397499674794e+01
3.110000000000000000e+02	1.621883053660520702e+01
3.120000000000000000e+02	1.637156578369041426e+01
3.130000000000000000e+02	1.653292987594111452e+01
3.140000000000000000e+02	1.669429396819181477e+01
3.150000000000000000e+02	1.685565806044251502e+01
3.160000000000000000e+02	1.701702215269321528e+01
3.170000000000000000e+02	1.715093096532576311e+01
3.180000000000000000e+02	1.727120661116832423e+01
3.190000000000000000e+02	1.739148225701088890e+01
3.200000000000000000e+02	1.751175790285345002e+01
3.210000000000000000e+02	1.763203354869601114e+01
3.220000000000000000e+02	1.775016250195042389e+01
3.230000000000000000e+02	1.786803309660183103e+01
3.240000000000000000e+02	1.798590369125323818e+01
3.250000000000000000e+02	1.810377428590464532e+01
3.260000000000000000e+02	1.821368218666209771e+01
3.270000000000000000e+02	1.830925023881503222e+01
3.280000000000000000e+02	1.840481829096796673e+01
3.290000000000000000e+02	1.850038634312090124e+01
3.300000000000000000e+02	1.859419875784925935e+01
3.310000000000000000e+02	1.868483123347493802e+01
3.320000000000000000e+02	1.877546370910061313e+01
3.330000000000000000e+02	1.886609618472629180e+01
3.340000000000000000e+02	1.895672866035196691e+01
3.350000000000000000e+02	1.904736113597764557e+01
3.360000000000000000e+02	1.913799361160332069e+01
3.370000000000000000e+02	1.921961305584002844e+01
3.380000000000000000e+02	1.929080991783688859e+01
3.390000000000000000e+02	1.936200677983374874e+01
3.400000000000000000e+02	1.943320364183060533e+01
3.410000000000000000e+02	1.950440050382746549e+01
3.420000000000000000e+02	1.957559736582432564e+01
3.430000000000000000e+02	1.964679422782118579e+01
3.440000000000000000e+02	1.971799108981804594e+01
3.450000000000000000e+02	1.977944277879226220e+01
3.460000000000000000e+02	1.981359623103771028e+01
3.470000000000000000e+02	1.984774968328316191e+01
3.480000000000000000e+02	1.988190313552860999e+01
3.490000000000000000e+02	1.991605658777405807e+01
3.500000000000000000e+02	1.995021004001950971e+01
3.510000000000000000e+02	1.998436349226495778e+01
3.520000000000000000e+02	2.001851694451040942e+01
3.530000000000000000e+02	2.005267039675585750e+01
3.540000000000000000e+02	2.006802963449084132e+01
3.550000000000000000e+02	2.004807509511995178e+01
3.560000000000000000e+02	2.002812055574905870e+01
3.570000000000000000e+02	2.000816601637816916e+01
3.580000000000000000e+02	1.998821147700727607e+01
3.590000000000000000e+02	1.996825693763638654e+01
